export const SEASONS = {
  WINTER: "Winter",
  SUMMER: "Summer"
};

export const PRODUCT_CATEGORIES = [
  "Hoodies",
  "Crop Hoodies",
  "Sweatshirts",
  "T-Shirts",
  "Sleeveless",
  "Crop Tops",
  "Bottoms"
];

export const CATEGORY_PRICES = {
  Hoodies: 2499,
  "Crop Hoodies": 2499,
  Sweatshirts: 2199,
  "T-Shirts": 1299,
  Sleeveless: 1199,
  "Crop Tops": 1199,
  Bottoms: 1999
};

export const CATEGORY_IMAGES = {
  Hoodies: [
    "https://images.unsplash.com/photo-1556821840-3a63f95609a7?auto=format&fit=crop&w=1200&q=80",
    "https://images.unsplash.com/photo-1523398002811-999ca8dec234?auto=format&fit=crop&w=1200&q=80",
    "https://images.unsplash.com/photo-1515886657613-9f3515b0c78f?auto=format&fit=crop&w=1200&q=80"
  ],
  "Crop Hoodies": [
    "https://images.unsplash.com/photo-1515886657613-9f3515b0c78f?auto=format&fit=crop&w=1200&q=80",
    "https://images.unsplash.com/photo-1556821840-3a63f95609a7?auto=format&fit=crop&w=1200&q=80",
    "https://images.unsplash.com/photo-1523398002811-999ca8dec234?auto=format&fit=crop&w=1200&q=80"
  ],
  Sweatshirts: [
    "https://images.unsplash.com/photo-1578581926291-cf242593e5a2?auto=format&fit=crop&w=1200&q=80",
    "https://images.unsplash.com/photo-1618354691373-d851c5c3a990?auto=format&fit=crop&w=1200&q=80",
    "https://images.unsplash.com/photo-1620799140408-edc6dcb088d5?auto=format&fit=crop&w=1200&q=80"
  ],
  "T-Shirts": [
    "https://images.unsplash.com/photo-1521572163474-6864f9cf17ab?auto=format&fit=crop&w=1200&q=80",
    "https://images.unsplash.com/photo-1503341504253-dff4815485f1?auto=format&fit=crop&w=1200&q=80",
    "https://images.unsplash.com/photo-1483985988355-763728e1935b?auto=format&fit=crop&w=1200&q=80"
  ],
  Sleeveless: [
    "https://images.unsplash.com/photo-1503341504253-dff4815485f1?auto=format&fit=crop&w=1200&q=80",
    "https://images.unsplash.com/photo-1521572163474-6864f9cf17ab?auto=format&fit=crop&w=1200&q=80",
    "https://images.unsplash.com/photo-1483985988355-763728e1935b?auto=format&fit=crop&w=1200&q=80"
  ],
  "Crop Tops": [
    "https://images.unsplash.com/photo-1483985988355-763728e1935b?auto=format&fit=crop&w=1200&q=80",
    "https://images.unsplash.com/photo-1521572163474-6864f9cf17ab?auto=format&fit=crop&w=1200&q=80",
    "https://images.unsplash.com/photo-1503341504253-dff4815485f1?auto=format&fit=crop&w=1200&q=80"
  ],
  Bottoms: [
    "https://images.unsplash.com/photo-1506629905607-8f0b66e06f27?auto=format&fit=crop&w=1200&q=80",
    "https://images.unsplash.com/photo-1489987707025-afc232f7ea0f?auto=format&fit=crop&w=1200&q=80",
    "https://images.unsplash.com/photo-1473966968600-fa801b869a1a?auto=format&fit=crop&w=1200&q=80"
  ]
};

export const DEFAULT_SIZES = ["XS", "S", "M", "L", "XL", "XXL"];

export const JOGGER_SIZES = ["S", "M", "L", "XL"];

export const COLLECTION_META = [
  { category: "Hoodies", eyebrow: "Winter Edit", title: "Hoodies", season: SEASONS.WINTER },
  { category: "Crop Hoodies", eyebrow: "Winter Edit", title: "Crop Hoodies", season: SEASONS.WINTER },
  { category: "Sweatshirts", eyebrow: "Winter Edit", title: "Sweatshirts", season: SEASONS.WINTER },
  { category: "T-Shirts", eyebrow: "Summer Edit", title: "T-Shirts", season: SEASONS.SUMMER },
  { category: "Sleeveless", eyebrow: "Summer Edit", title: "Sleeveless", season: SEASONS.SUMMER },
  { category: "Crop Tops", eyebrow: "Summer Edit", title: "Crop Tops", season: SEASONS.SUMMER },
  { category: "Bottoms", eyebrow: "Essentials", title: "Bottoms", season: null }
];
